# oST version 5.0 parameters


[image]

width
640

height
480

[narrow_stereo]

camera matrix
493.811671 0.000000 317.291395
0.000000 495.054814 253.447387
0.000000 0.000000 1.000000

distortion
0.183047 -0.283772 0.002121 0.001698 0.000000

rectification
1.000000 0.000000 0.000000
0.000000 1.000000 0.000000
0.000000 0.000000 1.000000

projection
507.625000 0.000000 318.233661 0.000000
0.000000 509.926788 254.255320 0.000000
0.000000 0.000000 1.000000 0.000000

